1.649 -3.94
0.181 2.57
0.657 0.457
1.16 -1.774
1.016 -1.133
-0.725 6.585
-0.118 3.895
-0.391 5.106
-0.193 4.226
-0.485 5.524
-0.962 7.638
0.639 0.537
0.29 2.087
-1.227 8.811
-0.411 5.195
-0.705 6.499
0.376 1.703
-1.505 10.045
-0.002 3.382
-1.144 8.445
1.018 -1.142
-0.659 6.294
-0.8 6.918
1.01 -1.105
0.104 2.909
-1.098 8.239
0.45 1.377
-1.119 8.331
1.223 -2.053
0.798 -0.167
1.067 -1.361
-0.35 4.924
0.47 1.286
0.893 -0.589
0.17 2.618
1.019 -1.147
-1.018 7.886
-0.316 4.772
-0.957 7.613
0.583 0.788
-0.538 5.757
1.162 -1.782
-1.159 8.512
0.504 1.135
-0.682 6.395
-2.01 12.284
2.885 -9.417
2.092 -5.904
-0.271 4.575
-0.098 3.804
