-1.478 1
-1.088 1
0.457 1
-0.889 1
-1.236 1
0.294 1
1.39 1
-3.144 1
-1.517 1
-0.834 1
0.368 1
0.678 1
-1.418 1
-0.355 1
-2.083 1
-1.401 1
0.299 1
-0.462 1
-1.836 1
0.629 1
2.493 1
3.417 1
0.361 1
-3.11 1
-0.32 1
0.121 1
-0.787 1
1.092 1
-0.39 1
1.588 1
-1.008 1
-0.562 1
-0.419 1
-2.36 1
0.539 1
-1.68 1
-1.965 1
1.249 1
-1.041 1
0.042 1
1.737 1
-0.556 1
0.415 1
2.538 1
4.842 1
0.231 1
-0.758 1
2.544 1
-0.299 1
0.808 1
4.704 2
9.234 2
-4.111 2
5.316 2
-11.151 2
3.728 2
-3.198 2
-1.651 2
-8.296 2
1.034 2
2.719 2
2.418 2
8.913 2
-0.01 2
-8.702 2
-5.667 2
-8.777 2
10.092 2
-4.822 2
8.028 2
1.287 2
-4.64 2
3.843 2
-4.147 2
-3.302 2
2.437 2
1.033 2
-2.268 2
0.998 2
-3.873 2
-1.705 2
-1.372 2
3.958 2
-5.493 2
-0.107 2
-2.037 2
-1.15 2
-2.295 2
3.834 2
6.142 2
1.689 2
4.943 2
3.323 2
6.151 2
-1.955 2
10.273 2
0.641 2
7.14 2
-4.859 2
1.537 2
